527
1058
1080
32
1089
1080
32
1087
1088
1086
1095
1091
1090
32
1086
1073
1080
1088
1076
1078
1080
1103
44
32
1082
1086
1081
1090
1086
32
1074
1080
1085
1072
1075
1080
32
1085
1072
1076
1093
1080
1090
1088
1103
32
1087
1086
1083
1080
1094
1080
1103
1090
1072
46
13
10
13
10
1057
1077
1075
1072
32
1089
1080
32
1088
1072
1079
1073
1088
1072
1083
44
1095
1077
32
1085
1072
1073
1083
1080
1079
1086
32
1080
1084
1072
32
1075
1086
1083
1077
1084
1080
32
1089
1098
1082
1088
1086
1074
1080
1097
1072
44
32
1082
1086
1080
1090
1086
13
10
1086
1073
1072
1095
1077
32
1089
1077
32
1086
1093
1088
1072
1085
1103
1074
1072
1090
32
1089
1090
1088
1086
1075
1086
46
32
1050
1086
1083
1082
1086
1090
1086
32
1087
1086
1074
1077
1095
1077
32
1086
1090
1082
1088
1072
1076
1085
1077
1096
44
13
10
1090
1086
1083
1082
1086
1074
1072
32
1087
1086
45
1073
1086
1075
1072
1090
32
1097
1077
32
1073
1098
1076
1077
1096
46
32
1040
1082
1086
32
1090
1077
32
1093
1074
1072
1085
1072
1090
32
1086
1073
1072
1095
1077
44
32
1086
1090
1080
1074
1072
1096
13
10
1074
32
1079
1072
1090
1074
1086
1088
1072
46
13
10
13
10
1042
1085
1080
1084
1072
1074
1072
1081
44
32
1088
1072
1079
1083
1080
1095
1085
1080
1090
1077
32
1090
1077
1088
1077
1085
1080
32
1089
1077
32
1087
1088
1077
1084
1080
1085
1072
1074
1072
1090
32
1089
32
1088
1072
1079
1083
1080
1095
1085
1072
13
10
1089
1082
1086
1088
1086
1089
1090
46
32
1052
1086
1078
1077
1096
32
1079
1072
32
1086
1087
1088
1077
1076
1077
1083
1077
1085
1086
32
1074
1088
1077
1084
1077
32
1076
1072
32
1086
1090
1074
1083
1077
1095
1077
1096
32
13
10
1074
1085
1080
1084
1072
1085
1080
1077
1090
1086
32
1085
1072
32
1087
1086
1083
1080
1094
1072
1080
1090
1077
32
1082
1072
1090
1086
32
1087
1086
1089
1090
1072
1074
1080
1096
32
1093
1080
1090
1088
1086
1091
1084
1085
1086
13
10
1089
1074
1080
1088
1077
1097
1086
32
1091
1089
1090
1088
1086
1081
1089
1090
1074
1086
44
32
1089
32
1076
1077
1089
1085
1080
1103
32
1073
1091
1090
1086
1085
32
1085
1072
32
1084
1080
1096
1082
1072
1090
1072
46
13
10
1052
1086
1078
1077
1096
32
1076
1072
32
1087
1086
1089
1090
1072
1074
1103
1096
32
1089
1072
1084
1086
32
1077
1076
1085
1086
32
1091
1089
1090
1088
1086
1081
1089
1090
1074
1086
32
1080
32
1076
1086
1082
1072
1090
1086
32
1085
1077
13
10
1080
1079
1095
1077
1079
1085
1077
44
32
1076
1088
1091
1075
1086
32
1085
1077
32
1084
1086
1078
1077
1096
32
1076
1072
32
1087
1086
1089
1090
1072
1074
1080
1096
46
0
